29143179
29462474
21677507
23250613
11786681
31171432
27922495
24200615
4031315
8025769
16819437
29648902
1426209
24917637
15860716
16821273
21352524
718443
5551093
24380687
9153449
16371576
4019954
19839725
9748067
31712273
29587702
4313853
17993993
7134072
28834869
973643
5681186
24533547
16482920
28088991
4556869
7847078
17054931
8815173
11265426
6851197
32965903
8734149
7259378
7969664
29512533
12682624
7788158
25792922
3065602
2637433
1866012
20425609
16009768
4254782
8413364
10631381
5751023
15610689
11265424
2287816
31061299
356588
25221399
10334490
30443856
6889756
1791135
21402749
16176071
9352763
5073335
10024134
7435205
9532297
8538677
7756680
18652078
2023385
6296748
14312774
20046527
11058428
1948096
15158314
13875294
6008462
30716132
19908054
2592991
5248013
16545722
7012460
8937196
10073081
19570062
16440164
3162002
20169591
2624759
18288046
1545497
2355950
25594832
25032690
5766382
6648863
4500456
11968744
11290410
6994431
5943521
9812167
20541028
976411
32880031
1953316
131693
6008078
4826804
4446686
17171972
1912167
10919283
2725564
6764081
2424746
4475159
10362901
2350931
4447588
9697790
2382891
135834
7628504
6184892
8608526
97185
7458438
11190316
20831552
2810311
6238646
7963787
7328567
192033
2313906
2044844
1814684
9592830

